5315
6128
51386
3646
6207
221662
6206
8890
6209
25873
6155
10492
6194
6176
23521
6233
8893
6189
6134
6154
6159
6201
4736
7311
51121
55854
8891
6164
22916
1981
9349
1968
11224
132864
8667
2197
3192
3921
6203
6227
5936
170506
6165
8663
728689
6168
6170
10399
6173
6224
7812
26986
8668
8669
6217
6158
1819
1967
6152
6230
8892
6210
3184
6187
6205
1939
6188
9147
6157
6232
4733
6235
64506
6141
6160
6175
6122
8664
6143
80315
6146
6144
6125
6204
8666
6229
6135
6202
6130
6156
6133
7884
6137
6124
6138
6181
27335
6231
6136
6147
6222
6139
6193
100101490
6223
6142
6161
6132
200916
6208
56339
6169
28985
2332
57409
25946
6218